'>XA' 2 1.0 '>X' 1.0 'A(aq)' 500. -4. 500. 500. 500. 500. 500. 500. 0.0 0.0 'pcl'
'>cXA' 2 1.0 '>cX' 1.0 'A(aq)' 500. -4. 500. 500. 500. 500. 500. 500. 0.0 0.0 'pcl'
'>XB' 2 1.0 '>X' 1.0 'B(aq)' 500. -4. 500. 500. 500. 500. 500. 500. 0.0 0.0 'pcl'
'>XAB' 3 1.0 '>X' 1.0 'A(aq)' 1.0 'B(aq)' 500. -2. 500. 500. 500. 500. 500. 500. 0.0 0.0 'pcl'
'>XH+' 2 1.0 '>X' 1.0 'H+' 500. -8.73 500. 500. 500. 500. 500. 500. 0.0 0.0 'pcl'
'>XSr++' 2 1.0 '>X' 1.0 'Sr++' 500. -4.47 500. 500. 500. 500. 500. 500. 1.0 0.0 '>FeO-' 2 -1.0 'H+' 1.0 '>FeOH' 500. 8.93 500. 500. 500. 500. 500. 500. -1.0 0.0 'llnl-99'
'>FeOH2+' 2 1.0 'H+' 1.0 '>FeOH' 500. -7.29 500. 500. 500. 500. 500. 500. 1.0 0.0 'llnl-99'
'>FeOEu++' 3 1.0 'Eu+++' -1.0 'H+' 1.0 '>FeOH' 500. -1.87 500. 500. 500. 500. 500. 500. 2.0 0.0 'llnl-99'
'>FeOCo+' 3 1.0 'Co++' -1.0 'H+' 1.0 '>FeOH' 500. 2.0 500. 500. 500. 500. 500. 500. 1.0 0.0 'pcl'
'>FeOEuO' 4 1.0 'Eu+++' -3.0 'H+' 1.0 'H2O' 1.0 '>FeOH' 500. 13.74 500. 500. 500. 500. 500. 500. 0.0 0.0 'llnl-99'
'>FeOHNpO2+' 2 1.0 'NpO2+' 1.0 '>FeOH' 500. -4.32 500. 500. 500. 500. 500. 500. 1.0 0.0 'llnl-99'
'>FeOHNpO3-' 4 -2.0 'H+' 1.0 'NpO2+' 1.0 'H2O' 1.0 '>FeOH' 500. 11.26 500. 500. 500. 500. 500. 500. -1.0 0.0 'llnl-99'
'>FeOHPuO++' 4 -2.0 'H+' 1.0 'Pu++++' 1.0 'H2O' 1.0 '>FeOH' 500. -6.93 500. 500. 500. 500. 500. 500. 2.0 0.0 'llnl-99'
'>FeOHPuO2' 4 -4.0 'H+' 1.0 'Pu++++' 2.0 'H2O' 1.0 '>FeOH' 500. 1.29 500. 500. 500. 500. 500. 500. 0. 0. 'llnl-99'
'>FeOHPuO2+' 2 1.0 'PuO2+' 1.0 '>FeOH' 500. -4.79 500. 500. 500. 500. 500. 500. 1.0 0.0 'llnl-99'
'>FeOHPuO3-' 4 -2.0 'H+' 1.0 'PuO2+' 1.0 'H2O' 1.0 '>FeOH' 500. 10.66 500. 500. 500. 500. 500. 500. -1.0 0.0 'llnl-99'
'>FeOHUO3' 4 -2.0 'H+' 1.0 'UO2++' 1.0 '>FeOH' 1.0 'H2O' 500. 3.05 500. 500. 500. 500. 500. 500. 0.0 0.0 'llnl-99'
'>FeOHUO2++' 2 1.0 'UO2++' 1.0 '>FeOH' 500. -6.63 500. 500. 500. 500. 500. 500. 2.0 0.0 'llnl-99'
'>AmCO3+' 3 1.0 'AmCO3+' -1.0 'Ca++' 1.0 '>Ca++' 500. -4.13 500. 500. 500. 500. 500. 500. 1.0 0.0 'llnl-99'
'>EuCO3+' 3 1.0 'EuCO3+' -1.0 'Ca++' 1.0 '>Ca++' 500. -3.75 500. 500. 500. 500. 500. 500. 1.0 0.0 'llnl-99'
'>NpO2+' 3 1.0 'NpO2+' -1.0 'Ca++' 1.0 '>Ca++' 500. -2.35 500. 500. 500. 500. 500. 500. 1.0 0.0 'llnl-99'
'>PuO2+' 3 1.0 'PuO2+' -1.0 'Ca++' 1.0 '>Ca++' 500. -1.85 500. 500. 500. 500. 500. 500. 1.0 0.0 'llnl-99'
'>UO2++' 3 1.0 'UO2++' -1.0 'Ca++' 1.0 '>Ca++' 500. -5.12 500. 500. 500. 500. 500. 500. 2.0 0.0 'llnl-99'
'>SiO-' 2 -1.0 'H+' 1.0 '>SiOH' 500.  7.20 500. 500. 500. 500. 500. 500. -1.0 0.0 'llnl-99'
'>SiOH2+' 2 1.0 'H+' 1.0 '>SiOH' 500.  -7.20 500. 500. 500. 500. 500. 500. -1.0 0.0 'llnl-99'
'>SiOAm++' 3 1.0 'Am+++' -1.0 'H+' 1.0 '>SiOH' 500. -0.7 500. 500. 500. 500. 500. 500. 2.0 0.0 'llnl-99'
'>SiOAmO' 4 1.0 'Am+++' -3.0 'H+' 1.0 '>SiOH' 1.0 'H2O' 500. 14.2 500. 500. 500. 500. 500. 500. 0.0 0.0 'llnl-99'
'>SiOEu++' 3 1.0 'Eu+++' -1.0 'H+' 1.0 '>SiOH' 500. 0.63 500. 500. 500. 500. 500. 500. 2.0 0.0 'llnl-99'
'>SiOEuO' 4 1.0 'Eu+++' -3.0 'H+' 1.0 '>SiOH' 1.0 'H2O' 500. 14.13 500. 500. 500. 500. 500. 500. 0.0 0.0 'llnl-99'
'>SiONpO2' 4 1.0 'NpO2+' -2.0 'H+' 1.0 '>SiOH' 1.0 'H2O' 500. 3.72 500. 500. 500. 500. 500. 500. 0.0 0.0 'llnl-99'
'>SiONpO3H-' 3 1.0 'NpO2+' -1.0 'H+' 1.0 '>SiOH' 500. 12.16 500. 500. 500. 500. 500. 500. -1.0 0.0 'llnl-99'
'>SiOPuO+' 4 1.0 'Pu++++' -1.0 'H+' 1.0 '>SiOH' 1.0 'H2O' 500. -2.32 500. 500. 500. 500. 500. 500. 1.0 0.0 'llnl-99'
'>SiOPuO2' 3 1.0 'PuO2+' -1.0 'H+' 1.0 '>SiOH' 500. 6.43 500. 500. 500. 500. 500. 500. 0.0 0.0 'llnl-99'
'>SiOPuO3H-' 4 1.0 'PuO2+' -2.0 'H+' 1.0 '>SiOH' 1.0 'H2O' 500. 14.80 500. 500. 500. 500. 500. 500. -1.0 0.0 'llnl-99'
'>SiOUO3H3++' 3 1.0 'UO2++' 1.0 '>SiOH' 1.0 'H2O' 500. 5.18 500. 500. 500. 500. 500. 500. 2.0 0.0 'pcl-04'
'>SiOUO3H2+' 4 1.0 'UO2++' -1.0 'H+' 1.0 '>SiOH' 1.0 'H2O' 500. 5.18 500. 500. 500. 500. 500. 500. 1.0 0.0 'pcl-04'
'>SiOUO3H' 4 1.0 'UO2++' -2.0 'H+' 1.0 '>SiOH' 1.0 'H2O' 500. 5.18 500. 500. 500. 500. 500. 500. 0.0 0.0 'llnl-99'
'>SiOUO3-' 4 1.0 'UO2++' -3.0 'H+' 1.0 '>SiOH' 1.0 'H2O' 500. 12.35 500. 500. 500. 500. 500. 500. -1.0 0.0 'llnl-99'
'>SiOUO2(OH)2-' 4 1.0 'UO2++' -3.0 'H+' 1.0 '>SiOH' 2.0 'H2O' 500. 12.35 500. 500. 500. 500. 500. 500. -1.0 0.0 'pcl-04'
'>S1OUO2OHB1' 4 1.0 'UO2++' -2.0 'H+' 1.0 'H2O' 1.0 '>S1OH' 500. 5.23 500. 500. 500. 500. 500. 500. 0.0 0.0 'Davis'
'>S2OUO2OHB2' 4 1.0 'UO2++' -2.0 'H+' 1.0 'H2O' 1.0 '>S2OH' 500. 2.56 500. 500. 500. 500. 500. 500. 0.0 0.0 'Davis'
'>S1OUO2OH' 4 1.0 'UO2++' -2.0 'H+' 1.0 'H2O' 1.0 '>S1OH' 500. 5.28 500. 500. 500. 500. 500. 500. 0.0 0.0 'Davis-B4'
'>S1OUO2CO3-' 5 1.0 'UO2++' -3.0 'H+' 1.0 'CO2(aq)' 1.0 'H2O' 1.0 '>S1OH' 500. 2.56 500. 500. 500. 500. 500. 500. -1.0 0.0 'Davis-B4'
'>S2OUO2OH' 4 1.0 'UO2++' -2.0 'H+' 1.0 'H2O' 1.0 '>S2OH' 500. 6.50 500. 500. 500. 500. 500. 500. 0.0 0.0 'Davis-B4'
'>NPPSOUO2+' 3 1.0 'UO2++' 1.0 '>SOH' -1.0 'H+' 500. 2.880 500. 500. 500. 500. 500. 500. 1.0 0.0 'Davis-Hanford'
'>NPPSOUO2OH*' 4 1.0 'UO2++' 1.0 '>SOH' -2.0 'H+' 1.0 'H2O' 500. -4.612 500. 500. 500. 500. 500. 500. 0.0 0.0 'Davis-Hanford'
'>NPPSOUO2OH' 4 1.0 'UO2++' 1.0 '>SOH' -2.0 'H+' 1.0 'H2O' 500. 4.722 500. 500. 500. 500. 500. 500. 0.0 0.0 'Davis-Hanford'
'>NPPSOHUO2CO3' 5 1.0 'UO2++' 1.0 '>SOH' -2.0 'H+' 1.0 'CO2(aq)' 1.0 'H2O' 500. 0.895 500. 500. 500. 500. 500. 500. 0.0 0.0 'Davis-Hanford'
'>SPPSOUO2+' 3 1.0 'UO2++' 1.0 '>SOH' -1.0 'H+' 500. 2.449 500. 500. 500. 500. 500. 500.  1.0 0.0 'Davis-Hanford'
'>SPPSOUO2OH*' 4 1.0 'UO2++' 1.0 '>SOH' -2.0 'H+' 1.0 'H2O' 500. -4.898 500. 500. 500. 500. 500. 500. 0.0 0.0 'Davis-Hanford'
'>SPPSOUO2OH' 4 1.0 'UO2++' 1.0 '>SOH' -2.0 'H+' 1.0 'H2O' 500. 5.235 500. 500. 500. 500. 500. 500. 0.0 0.0 'Davis-Hanford'
'>SPPSOHUO2CO3' 5 1.0 'UO2++' 1.0 '>SOH' -2.0 'H+' 1.0 'CO2(aq)' 1.0 'H2O' 500. 1.033 500. 500. 500. 500. 500. 500. 0.0 0.0 'Davis-Hanford'
'>SOUO2OH*' 4 1.0 'UO2++' 1.0 '>SOH' 1.0 'H2O' -2.0 'H+' 500. 4.548 500. 500. 500. 500. 500. 500.  0.0 0.0 'Davis-Hanford-ave'
'>SOUO2OH' 4 1.0 'UO2++' 1.0 '>SOH' 1.0 'H2O' -2.0 'H+' 500. 5.152 500. 500. 500. 500. 500. 500.  0.0 0.0 'Davis-Hanford-ave'
'>SOUO2OH_liu' 4 1.0 'UO2++' 1.0 '>SOH' 1.0 'H2O' -2.0 'H+' 500. 4.29 500. 500. 500. 500. 500. 500.  0.0 0.0 'Liu-Hanford'
'>SOUO2OH_liu_11' 4 1.0 'UO2++' 1.0 '>SOH' 1.0 'H2O' -2.0 'H+' 500. 5.2 500. 500. 500. 500. 500. 500.  0.0 0.0 'Liu-Hanford-2011'
'>SOUO2(HCO3)2-' 5 1.0 'UO2++' 1.0 '>SOH' 2.0 'CO2(aq)' 2.0 'H2O' -3.0 'H+' 500. 4.047 500. 500. 500. 500. 500. 500. -1.0 0.0 'Davis-Hanford-ave'
'>SOHUO2CO3' 5 1.0 'UO2++' 1.0 '>SOH' 1.0 'CO2(aq)' 1.0 'H2O' -2.0 'H+' 500. 0.833 500. 500. 500. 500. 500. 500. 0.0 0.0 'Davis-Hanford-ave'
'>SOHUO2CO3_liu' 5 1.0 'UO2++' 1.0 '>SOH' 1.0 'CO3--' 1.0 'H2O' -2.0 'H+' 500. 0.833 500. 500. 500. 500. 500. 500. 0.0 0.0 'Liu-Hanford'
'>SOUO2HCO3_liu_11' 5 1.0 'UO2++' 1.0 '>SOH' 1.0 'CO2(aq)' 1.0 'H2O' -2.0 'H+' 500. 1.000 500. 500. 500. 500. 500. 500. 0.0 0.0 'Liu-Hanford-2011'
'>SOUO2(CO3HCO3)--_shang_11' 3 1.0 'UO2++' 1.0 '>SOH' 2.0 'CO3--' 500. -24.72 500. 500. 500. 500. 500. 500. 0.0 0.0 'Shang-Hanford-2011'
'>SOUO2(CO3HCO3)--_stoliker_11' 3 1.0 'UO2++' 1.0 '>SOH' 2.0 'CO3--' 500. -21.64 500. 500. 500. 500. 500. 500. 0.0 0.0 'Stoliker-Hanford-2011'
'>NPPSOUO2OH' 4 1.0 'UO2++' 1.0 '>SOH' 1.0 'H2O' -2.0 'H+' 500. 4.224 500. 500. 500. 500. 500. 500.  0.0 0.0 'Davis-Hanford'
'>NPPSOUO2(HCO3)2-' 5 1.0 'UO2++' 1.0 '>SOH' 2.0 'CO2(aq)' 2.0 'H2O' -3.0 'H+' 500. 4.053 500. 500. 500. 500. 500. 500. -1.0 0.0 'Davis-Hanford-new'
'>NPPSOHUO2CO3' 5 1.0 'UO2++' 1.0 '>SOH' 1.0 'CO2(aq)' 1.0 'H2O' -2.0 'H+' 500. 4.053 500. 500. 500. 500. 500. 500. 0.0 0.0 'Davis-Hanford-new'
'>SPPSOUO2OH' 4 1.0 'UO2++' 1.0 '>SOH' 1.0 'H2O' -2.0 'H+' 500. 4.677 500. 500. 500. 500. 500. 500.  0.0 0.0 'Davis-Hanford'
'>SPPSOUO2(HCO3)2-' 5 1.0 'UO2++' 1.0 '>SOH' 2.0 'CO2(aq)' 2.0 'H2O' -3.0 'H+' 500. 4.156 500. 500. 500. 500. 500. 500. -1.0 0.0 'Davis-Hanford-new'
'>SPPSOHUO2CO3' 5 1.0 'UO2++' 1.0 '>SOH' 1.0 'CO2(aq)' 1.0 'H2O' -2.0 'H+' 500. 4.156 500. 500. 500. 500. 500. 500. 0.0 0.0 'Davis-Hanford-new'
'>S2---' 5 1.0 'UO2++' 2.0 'CO2(aq)' 2.0 'H2O' 2.0 '>S(OH)2' -5.0 'H+' 500. 16.3 500. 500. 500. 500. 500. 500. -3.0 0.0 'Yabusaki'
'>W2---' 5 1.0 'UO2++' 2.0 'CO2(aq)' 2.0 'H2O' 2.0 '>W(OH)2' -5.0 'H+' 500. 20.64 500. 500. 500. 500. 500. 500. -3.0 0.0 'Yabusaki'
'>WO2UO2(CO3)2---' 5 1.0 'UO2++' 2.0 'CO2(aq)' 2.0 'H2O' 1.0 '>W(OH)2' -6.0 'H+' 500. 28.01 500. 500. 500. 500. 500. 500. -3.0 0.0 'Yabusaki'
'>SO2UO2' 3 1.0 '>S(OH)2' 1.0 'UO2++' -2.0 'H+' 500. 2.86 500. 500. 500. 500. 500. 500. 0.0 0.0 'Zhang09'
'>WO2UO2' 3 1.0 '>W(OH)2' 1.0 'UO2++' -2.0 'H+' 500. 7.05 500. 500. 500. 500. 500. 500. 0.0 0.0 'Zhang09'
'>SO2UO2CO3--' 4 1.0 '>S(OH)2' 1.0 'UO2++' 1.0 'CO3--' -2.0 'H+' 500. -2.36 500. 500. 500. 500. 500. 500. -2.0 0.0 'Zhang09'
'>WO2UO2CO3--' 4 1.0 '>W(OH)2' 1.0 'UO2++' 1.0 'CO3--' -2.0 'H+' 500. 1.24 500. 500. 500. 500. 500. 500. -2.0 0.0 'Zhang09'
'>AlO-' 2 -1.0 'H+' 1.0 '>AlOH' 500. 9.73 500. 500. 500. 500. 500. 500. -1.0 0.0 'llnl-99'
'>AlOH2+' 2 1.0 'H+' 1.0 '>AlOH' 500. -8.33 500. 500. 500. 500. 500. 500. 1.0 0.0 'llnl-99'
'>AlOAm++' 3 1.0 'Am+++' -1.0 'H+' 1.0 '>AlOH' 500. -2.49 500. 500. 500. 500. 500. 500. 2.0 0.0 'llnl-99'
'>AlOEu++' 3 1.0 'Eu+++' -1.0 'H+' 1.0 '>AlOH' 500. -2.29 500. 500. 500. 500. 500. 500. 2.0 0.0 'llnl-99'
'>AlONpO2' 3 1.0 'NpO2+' -1.0 'H+' 1.0 '>AlOH' 500. 4.67 500. 500. 500. 500. 500. 500. 0.0 0.0 'llnl-99'
'>AlONpO3H-' 4 1.0 'NpO2+' -2.0 'H+' 1.0 'H2O' 1.0 '>AlOH' 500. 14.26 500. 500. 500. 500. 500. 500. -1.0 0.0 'llnl-99'
'>AlOPuO+' 4 1.0 'Pu++++' -3.0 'H+' 1.0 'H2O' 1.0 '>AlOH' 500. -5.95 500. 500. 500. 500. 500. 500. 1.0 0.0 'llnl-99'
'>AlOPuO2-' 4 1.0 'Pu++++' -5.0 'H+' 2.0 'H2O' 1.0 '>AlOH' 500. 11.93 500. 500. 500. 500. 500. 500. -1.0 0.0 'llnl-99'
'>AlOPuO2+' 2 1.0 'PuO2+' 1.0 '>AlOH' 500. 3.09 500. 500. 500. 500. 500. 500. 0.0 0.0 'llnl-99'
'>AlOUO2+' 3 1.0 'UO2++' -1.0 'H+' 1.0 '>AlOH' 500. -3.13 500. 500. 500. 500. 500. 500. 1.0 0.0 'llnl-99'
'>cFeO-' 2 -1.0 'H+' 1.0 '>cFeOH' 500. 8.93 500. 500. 500. 500. 500. 500. -1.0 0.0 'llnl-99'
'>cFeOH2+' 2 1.0 'H+' 1.0 '>cFeOH' 500. -7.29 500. 500. 500. 500. 500. 500. 1.0 0.0 'llnl-99'
'>cFeOEu++' 3 1.0 'Eu+++' -1.0 'H+' 1.0 '>cFeOH' 500. -1.87 500. 500. 500. 500. 500. 500. 2.0 0.0 'llnl-99'
'>cFeOEuO' 4 1.0 'Eu+++' -3.0 'H+' 1.0 'H2O' 1.0 '>cFeOH' 500. 13.74 500. 500. 500. 500. 500. 500. 0.0 0.0 'llnl-99'
'>cFeOHNpO2+' 2 1.0 'NpO2+' 1.0 '>cFeOH' 500. -4.32 500. 500. 500. 500. 500. 500. 1.0 0.0 'llnl-99'
'>cFeOHNpO3-' 4 -2.0 'H+' 1.0 'NpO2+' 1.0 'H2O' 1.0 '>cFeOH' 500. 11.26 500. 500. 500. 500. 500. 500. -1.0 0.0 'llnl-99'
'>cFeOHPuO++' 4 -2.0 'H+' 1.0 'Pu++++' 1.0 'H2O' 1.0 '>cFeOH' 500. -6.93 500. 500. 500. 500. 500. 500. 2.0 0.0 'llnl-99'
'>cFeOHPuO2' 4 -4.0 'H+' 1.0 'Pu++++' 2.0 'H2O' 1.0 '>cFeOH' 500. 1.29 500. 500. 500. 500. 500. 500. 0. 0. 'llnl-99'
'>cFeOHPuO2+' 2 1.0 'PuO2+' 1.0 '>cFeOH' 500. -4.79 500. 500. 500. 500. 500. 500. 1.0 0.0 'llnl-99'
'>cFeOHPuO3-' 4 -2.0 'H+' 1.0 'PuO2+' 1.0 'H2O' 1.0 '>cFeOH' 500. 10.66 500. 500. 500. 500. 500. 500. -1.0 0.0 'llnl-99'
'>cFeOHUO3' 4 -2.0 'H+' 1.0 'UO2++' 1.0 '>cFeOH' 1.0 'H2O' 500. 3.05 500. 500. 500. 500. 500. 500. 0.0 0.0 'llnl-99'
'>cFeOHUO2++' 2 1.0 'UO2++' 1.0 '>cFeOH' 500. -6.63 500. 500. 500. 500. 500. 500. 2.0 0.0 'llnl-99'
'>cAmCO3+' 3 1.0 'AmCO3+' -1.0 'Ca++' 1.0 '>cCa++' 500. -4.13 500. 500. 500. 500. 500. 500. 1.0 0.0 'llnl-99'
'>cEuCO3+' 3 1.0 'EuCO3+' -1.0 'Ca++' 1.0 '>cCa++' 500. -3.75 500. 500. 500. 500. 500. 500. 1.0 0.0 'llnl-99'
'>cNpO2+' 3 1.0 'NpO2+' -1.0 'Ca++' 1.0 '>cCa++' 500. -2.35 500. 500. 500. 500. 500. 500. 1.0 0.0 'llnl-99'
'>cPuO2+' 3 1.0 'PuO2+' -1.0 'Ca++' 1.0 '>cCa++' 500. -1.85 500. 500. 500. 500. 500. 500. 1.0 0.0 'llnl-99'
'>cUO2++' 3 1.0 'UO2++' -1.0 'Ca++' 1.0 '>cCa++' 500. -5.12 500. 500. 500. 500. 500. 500. 2.0 0.0 'llnl-99'
'>cSiO-' 2 -1.0 'H+' 1.0 '>cSiOH' 500. 7.20 500. 500. 500. 500. 500. 500. -1.0 0.0 'llnl-99'
'>cSiOAm++' 3 1.0 'Am+++' -1.0 'H+' 1.0 '>cSiOH' 500. -0.7 500. 500. 500. 500. 500. 500. 2.0 0.0 'llnl-99'
'>cSiOAmO' 4 1.0 'Am+++' -3.0 'H+' 1.0 '>cSiOH' 1.0 'H2O' 500. 14.2 500. 500. 500. 500. 500. 500. 0.0 0.0 'llnl-99'
'>cSiOEu++' 3 1.0 'Eu+++' -1.0 'H+' 1.0 '>cSiOH' 500. 0.63 500. 500. 500. 500. 500. 500. 2.0 0.0 'llnl-99'
'>cSiOEuO' 4 1.0 'Eu+++' -3.0 'H+' 1.0 '>cSiOH' 1.0 'H2O' 500. 14.13 500. 500. 500. 500. 500. 500. 0.0 0.0 'llnl-99'
'>cSiONpO2' 4 1.0 'NpO2+' -2.0 'H+' 1.0 '>cSiOH' 1.0 'H2O' 500. 3.72 500. 500. 500. 500. 500. 500. 0.0 0.0 'llnl-99'
'>cSiONpO3H-' 3 1.0 'NpO2+' -1.0 'H+' 1.0 '>cSiOH' 500. 12.16 500. 500. 500. 500. 500. 500. -1.0 0.0 'llnl-99'
'>cSiOPuO+' 4 1.0 'Pu++++' -1.0 'H+' 1.0 '>cSiOH' 1.0 'H2O' 500. -2.32 500. 500. 500. 500. 500. 500. 1.0 0.0 'llnl-99'
'>cSiOPuO2' 3 1.0 'PuO2+' -1.0 'H+' 1.0 '>cSiOH' 500. 6.43 500. 500. 500. 500. 500. 500. 0.0 0.0 'llnl-99'
'>cSiOPuO3H-' 4 1.0 'PuO2+' -2.0 'H+' 1.0 '>cSiOH' 1.0 'H2O' 500. 14.80 500. 500. 500. 500. 500. 500. -1.0 0.0 'llnl-99'
'>cSiOUO3H' 4 1.0 'UO2++' -2.0 'H+' 1.0 '>cSiOH' 1.0 'H2O' 500. 5.18 500. 500. 500. 500. 500. 500. 0.0 0.0 'llnl-99'
'>cSiOUO3-' 3 1.0 'UO2++' -3.0 'H+' 1.0 '>cSiOH' 500. 12.35 500. 500. 500. 500. 500. 500. -1.0 0.0 'llnl-99'
'>cAlO-' 2 -1.0 'H+' 1.0 '>cAlOH' 500. 9.73 500. 500. 500. 500. 500. 500. -1.0 0.0 'llnl-99'
'>cAlOH2+' 2 1.0 'H+' 1.0 '>cAlOH' 500. -8.33 500. 500. 500. 500. 500. 500. 1.0 0.0 'llnl-99'
'>cAlOAm++' 3 1.0 'Am+++' -1.0 'H+' 1.0 '>cAlOH' 500. -2.49 500. 500. 500. 500. 500. 500. 2.0 0.0 'llnl-99'
'>cAlOEu++' 3 1.0 'Eu+++' -1.0 'H+' 1.0 '>cAlOH' 500. -2.29 500. 500. 500. 500. 500. 500. 2.0 0.0 'llnl-99'
'>cAlONpO2' 3 1.0 'NpO2+' -1.0 'H+' 1.0 '>cAlOH' 500. 4.67 500. 500. 500. 500. 500. 500. 0.0 0.0 'llnl-99'
'>cAlONpO3H-' 4 1.0 'NpO2+' -2.0 'H+' 1.0 'H2O' 1.0 '>cAlOH' 500. 14.26 500. 500. 500. 500. 500. 500. -1.0 0.0 'llnl-99'
'>cAlOPuO+' 4 1.0 'Pu++++' -3.0 'H+' 1.0 'H2O' 1.0 '>cAlOH' 500. -5.95 500. 500. 500. 500. 500. 500. 1.0 0.0 'llnl-99'
'>cAlOPuO2-' 4 1.0 'Pu++++' -5.0 'H+' 2.0 'H2O' 1.0 '>cAlOH' 500. 11.93 500. 500. 500. 500. 500. 500. -1.0 0.0 'llnl-99'
'>cAlOPuO2+' 2 1.0 'PuO2+' 1.0 '>cAlOH' 500. 3.09 500. 500. 500. 500. 500. 500. 0.0 0.0 'llnl-99'
'>cAlOUO2+' 3 1.0 'UO2++' -1.0 'H+' 1.0 '>cAlOH' 500. -3.13 500. 500. 500. 500. 500. 500. 1.0 0.0 'llnl-99'
